23
3
36
14
50
8
2
44
30
37
20
5
34
41
31
39
28
24
49
42
22
4
45
46
32
6
35
7
26
15
21
8
9
12
25
10
11
13
14
16
17
57
18
64
19
20
22
33
27
23
24
28
29
30
38
31
37
35
21
26
44
25
32
34
36
69
40
51
39
43
41
45
46
63
49
54
47
66
64
55
52
65
53
57
59
83
61
92
70
97
79
80
82
84
86
87
91
93
96
101
99
148
105
107
109
110
112
114
116
166
204
191
196
149
159
161
198
240
170
173
178
190
219
314
200
206
222
217
216
223
224
428
412
265
319
404
349
357
308
446
331
670
343
348
384
368
407
514
406
737
628
433
439
440
584
667
596
741
749
639
918
651
656
674
727
679
691
1040
781
1342
775
813
839
1023
1406
873
1455
1131
1114
1420
1235
1247
1440
1347
1290
1307
2366
1330
1353
1370
1454
1466
2071
1556
2467
1588
1652
2701
1896
2723
2895
2245
2444
3814
2577
2617
2537
2637
2597
2620
2807
2700
5140
3208
4289
5214
3054
5168
3144
6198
5498
4353
4141
4513
4689
4782
4822
9511
5174
9604
5134
5681
6761
7096
5320
7561
5844
7833
6262
7343
14386
7195
7285
8318
10951
8866
8494
8654
10978
11878
15627
11895
14538
15513
10454
12876
13129
12106
14480
11164
13039
13547
15837
15689
27356
15779
15603
24992
19269
21742
17148
19472
36417
31628
21618
28503
22349
24293
24203
22560
42959
23270
32927
24711
38539
60710
35161
31292
31382
32751
34872
35075
41351
45619
36620
43765
41090
54188
47473
43967
44909
99097
67162
85318
57432
47981
54562
56003
67912
62674
85999
79363
64043
92890
67623
100663
71695
80385
77710
98155
91440
127698
92382
88876
131955
99471
167825
102543
110565
120046
103984
117236
118677
126717
151550
194946
167094
131666
148008
139318
149405
202947
158095
169150
226188
257995
202014
188347
199441
263621
321663
206527
229242
227801
224030
221220
270984
245394
274725
279674
281071
287326
288723
297413
379315
307500
357536
327245
390370
387788
423471
390361
572138
405968
427747
619076
495014
445250
449021
502291
466614
516378
520119
562051
560745
568397
576049
586136
604913
634745
776266
717615
717606
778149
793756
856975
851218
876768
833715
872997
894271
911864
1184229
1165658
1338894
982992
1146881
1130448
1279657
1383062
1144446
1568824
1191049
1352360
1412894
2003856
1435221
2038655
1571905
2574111
1690690
2113440
3682264
1706712
1767268
1806135
2058745
2127438
2129873
2277329
2174041
3318487
3140729
2692551
2496806
3043050
2543409
2603943
3158495
5009177
3007126
3125911
4240878
3473980
3397402
4336074
3512847
3573403
3880753
3826013
3864880
5332536
4257311
5790176
4451370
4670847
5040215
5100749
5147352
5586459
7677973
5550535
5611069
6133037
7299993
8437617
6699314
9589847
10711818
7223415
7086250
7706766
7399416
7690893
8083324
8122191
8928158
8708681
9122217
9491585
9711062
10140964
10248101
10697887
14708676
11161604
14539227
15306739
15828957
14406080
13785564
13922729
14930181
14309665
17205541
24654181
15090309
15482740
16813110
17011482
24212526
17636839
19202647
24547044
19632549
19959163
20389065
31550709
21859491
24947168
25084333
28095229
29229468
28191644
31941663
27708293
32727148
29239846
40136921
41418067
47424403
37596002
35115289
33824592
34648321
39591712
36839486
38835196
40021614
40348228